The shortest path from (27, 108) to (375, 453) is 1467.
Path:
(27, 108)
(28, 108)
(29, 108)
(29, 109)
(29, 110)
(29, 111)
(30, 111)
(31, 111)
(32, 111)
(33, 111)
(34, 111)
(34, 112)
(35, 112)
(35, 113)
(36, 113)
(37, 113)
(38, 113)
(39, 113)
(39, 114)
(39, 115)
(40, 115)
(41, 115)
(41, 116)
(42, 116)
(42, 117)
(42, 118)
(42, 119)
(42, 120)
(43, 120)
(43, 121)
(44, 121)
(45, 121)
(45, 122)
(45, 123)
(45, 124)
(45, 125)
(45, 126)
(46, 126)
(46, 127)
(47, 127)
(48, 127)
(49, 127)
(49, 128)
(49, 129)
(49, 130)
(48, 130)
(48, 131)
(48, 132)
(48, 133)
(48, 134)
(48, 135)
(48, 136)
(49, 136)
(50, 136)
(50, 137)
(50, 138)
(50, 139)
(50, 140)
(50, 141)
(51, 141)
(51, 142)
(51, 143)
(51, 144)
(51, 145)
(52, 145)
(53, 145)
(54, 145)
(54, 146)
(54, 147)
(54, 148)
(55, 148)
(55, 149)
(55, 150)
(55, 151)
(56, 151)
(57, 151)
(58, 151)
(58, 152)
(58, 153)
(58, 154)
(59, 154)
(59, 155)
(59, 156)
(59, 157)
(59, 158)
(59, 159)
(59, 160)
(59, 161)
(59, 162)
(60, 162)
(61, 162)
(61, 163)
(62, 163)
(63, 163)
(63, 164)
(63, 165)
(63, 166)
(63, 167)
(63, 168)
(63, 169)
(64, 169)
(65, 169)
(66, 169)
(66, 170)
(66, 171)
(66, 172)
(66, 173)
(66, 174)
(67, 174)
(68, 174)
(69, 174)
(70, 174)
(70, 175)
(71, 175)
(71, 176)
(72, 176)
(72, 177)
(72, 178)
(73, 178)
(74, 178)
(75, 178)
(76, 178)
(77, 178)
(78, 178)
(79, 178)
(79, 179)
(80, 179)
(81, 179)
(81, 180)
(81, 181)
(82, 181)
(82, 182)
(82, 183)
(83, 183)
(83, 184)
(84, 184)
(84, 185)
(85, 185)
(86, 185)
(86, 186)
(87, 186)
(88, 186)
(89, 186)
(89, 187)
(89, 188)
(89, 189)
(89, 190)
(90, 190)
(91, 190)
(91, 191)
(91, 192)
(91, 193)
(91, 194)
(91, 195)
(92, 195)
(92, 196)
(93, 196)
(93, 197)
(93, 198)
(93, 199)
(93, 200)
(93, 201)
(93, 202)
(93, 203)
(93, 204)
(93, 205)
(93, 206)
(93, 207)
(93, 208)
(93, 209)
(93, 210)
(93, 211)
(93, 212)
(94, 212)
(94, 213)
(94, 214)
(94, 215)
(94, 216)
(95, 216)
(95, 217)
(96, 217)
(97, 217)
(97, 218)
(98, 218)
(98, 219)
(99, 219)
(99, 220)
(99, 221)
(100, 221)
(101, 221)
(102, 221)
(103, 221)
(103, 222)
(104, 222)
(104, 223)
(105, 223)
(105, 224)
(105, 225)
(105, 226)
(105, 227)
(106, 227)
(107, 227)
(108, 227)
(108, 228)
(108, 229)
(108, 230)
(108, 231)
(108, 232)
(109, 232)
(109, 233)
(109, 234)
(110, 234)
(110, 235)
(110, 236)
(111, 236)
(112, 236)
(113, 236)
(113, 237)
(114, 237)
(114, 238)
(115, 238)
(115, 239)
(116, 239)
(117, 239)
(118, 239)
(119, 239)
(119, 240)
(120, 240)
(121, 240)
(122, 240)
(122, 241)
(123, 241)
(124, 241)
(125, 241)
(126, 241)
(127, 241)
(127, 242)
(127, 243)
(127, 244)
(127, 245)
(127, 246)
(126, 246)
(126, 247)
(126, 248)
(126, 249)
(127, 249)
(127, 250)
(127, 251)
(127, 252)
(127, 253)
(128, 253)
(129, 253)
(130, 253)
(130, 254)
(130, 255)
(130, 256)
(130, 257)
(130, 258)
(130, 259)
(130, 260)
(130, 261)
(130, 262)
(130, 263)
(130, 264)
(130, 265)
(131, 265)
(132, 265)
(132, 266)
(133, 266)
(133, 267)
(133, 268)
(134, 268)
(134, 269)
(134, 270)
(135, 270)
(136, 270)
(136, 271)
(136, 272)
(136, 273)
(137, 273)
(137, 274)
(137, 275)
(137, 276)
(137, 277)
(137, 278)
(137, 279)
(137, 280)
(138, 280)
(139, 280)
(139, 281)
(140, 281)
(141, 281)
(142, 281)
(142, 282)
(142, 283)
(143, 283)
(144, 283)
(144, 284)
(144, 285)
(144, 286)
(144, 287)
(145, 287)
(145, 288)
(146, 288)
(146, 289)
(146, 290)
(147, 290)
(148, 290)
(148, 291)
(149, 291)
(149, 292)
(150, 292)
(151, 292)
(152, 292)
(152, 293)
(152, 294)
(153, 294)
(153, 295)
(153, 296)
(154, 296)
(154, 297)
(155, 297)
(156, 297)
(156, 298)
(156, 299)
(157, 299)
(157, 300)
(157, 301)
(157, 302)
(158, 302)
(158, 303)
(159, 303)
(160, 303)
(161, 303)
(162, 303)
(162, 304)
(163, 304)
(164, 304)
(164, 305)
(164, 306)
(164, 307)
(164, 308)
(165, 308)
(165, 309)
(165, 310)
(165, 311)
(165, 312)
(165, 313)
(165, 314)
(164, 314)
(164, 315)
(164, 316)
(164, 317)
(165, 317)
(165, 318)
(165, 319)
(165, 320)
(165, 321)
(165, 322)
(165, 323)
(164, 323)
(164, 324)
(164, 325)
(165, 325)
(166, 325)
(166, 326)
(166, 327)
(166, 328)
(166, 329)
(166, 330)
(166, 331)
(167, 331)
(168, 331)
(169, 331)
(170, 331)
(171, 331)
(172, 331)
(173, 331)
(173, 332)
(173, 333)
(174, 333)
(175, 333)
(175, 334)
(176, 334)
(176, 335)
(177, 335)
(178, 335)
(179, 335)
(179, 336)
(180, 336)
(181, 336)
(182, 336)
(182, 337)
(182, 338)
(183, 338)
(184, 338)
(184, 339)
(185, 339)
(186, 339)
(187, 339)
(187, 340)
(187, 341)
(187, 342)
(188, 342)
(189, 342)
(189, 343)
(190, 343)
(191, 343)
(191, 344)
(192, 344)
(192, 345)
(193, 345)
(194, 345)
(195, 345)
(196, 345)
(196, 346)
(197, 346)
(198, 346)
(198, 347)
(198, 348)
(198, 349)
(198, 350)
(198, 351)
(199, 351)
(199, 352)
(200, 352)
(201, 352)
(202, 352)
(202, 353)
(203, 353)
(204, 353)
(205, 353)
(206, 353)
(207, 353)
(208, 353)
(208, 354)
(209, 354)
(210, 354)
(210, 355)
(210, 356)
(210, 357)
(210, 358)
(210, 359)
(210, 360)
(211, 360)
(212, 360)
(213, 360)
(213, 361)
(214, 361)
(214, 362)
(214, 363)
(215, 363)
(216, 363)
(216, 364)
(217, 364)
(218, 364)
(218, 365)
(219, 365)
(220, 365)
(221, 365)
(222, 365)
(223, 365)
(224, 365)
(225, 365)
(225, 366)
(226, 366)
(227, 366)
(228, 366)
(228, 367)
(229, 367)
(230, 367)
(230, 368)
(230, 369)
(230, 370)
(231, 370)
(231, 371)
(231, 372)
(231, 373)
(231, 374)
(232, 374)
(232, 375)
(232, 376)
(232, 377)
(232, 378)
(233, 378)
(234, 378)
(234, 379)
(235, 379)
(236, 379)
(236, 380)
(236, 381)
(236, 382)
(237, 382)
(237, 383)
(238, 383)
(238, 384)
(239, 384)
(239, 385)
(239, 386)
(240, 386)
(241, 386)
(241, 387)
(241, 388)
(241, 389)
(241, 390)
(241, 391)
(242, 391)
(242, 392)
(242, 393)
(243, 393)
(244, 393)
(244, 394)
(244, 395)
(245, 395)
(245, 396)
(245, 397)
(246, 397)
(246, 398)
(246, 399)
(246, 400)
(247, 400)
(248, 400)
(249, 400)
(249, 401)
(250, 401)
(251, 401)
(251, 402)
(251, 403)
(252, 403)
(253, 403)
(254, 403)
(254, 404)
(255, 404)
(255, 405)
(255, 406)
(255, 407)
(255, 408)
(255, 409)
(255, 410)
(256, 410)
(257, 410)
(257, 411)
(258, 411)
(258, 412)
(259, 412)
(260, 412)
(261, 412)
(262, 412)
(263, 412)
(264, 412)
(265, 412)
(266, 412)
(266, 413)
(267, 413)
(268, 413)
(269, 413)
(269, 414)
(270, 414)
(270, 415)
(270, 416)
(270, 417)
(271, 417)
(272, 417)
(273, 417)
(273, 418)
(274, 418)
(274, 419)
(274, 420)
(275, 420)
(276, 420)
(277, 420)
(278, 420)
(279, 420)
(280, 420)
(281, 420)
(282, 420)
(283, 420)
(284, 420)
(285, 420)
(286, 420)
(286, 421)
(287, 421)
(288, 421)
(289, 421)
(290, 421)
(291, 421)
(292, 421)
(292, 422)
(292, 423)
(292, 424)
(292, 425)
(293, 425)
(293, 426)
(293, 427)
(294, 427)
(294, 428)
(295, 428)
(296, 428)
(297, 428)
(297, 429)
(297, 430)
(298, 430)
(299, 430)
(300, 430)
(301, 430)
(302, 430)
(302, 431)
(302, 432)
(302, 433)
(303, 433)
(304, 433)
(304, 434)
(305, 434)
(306, 434)
(306, 435)
(306, 436)
(306, 437)
(306, 438)
(307, 438)
(307, 439)
(308, 439)
(309, 439)
(310, 439)
(310, 440)
(310, 441)
(311, 441)
(312, 441)
(313, 441)
(314, 441)
(315, 441)
(315, 442)
(316, 442)
(317, 442)
(317, 443)
(317, 444)
(317, 445)
(318, 445)
(319, 445)
(320, 445)
(320, 446)
(320, 447)
(321, 447)
(322, 447)
(323, 447)
(324, 447)
(325, 447)
(326, 447)
(327, 447)
(328, 447)
(329, 447)
(329, 446)
(330, 446)
(331, 446)
(332, 446)
(333, 446)
(334, 446)
(335, 446)
(335, 447)
(336, 447)
(337, 447)
(337, 448)
(338, 448)
(339, 448)
(340, 448)
(341, 448)
(341, 449)
(341, 450)
(341, 451)
(342, 451)
(343, 451)
(344, 451)
(345, 451)
(346, 451)
(346, 450)
(347, 450)
(348, 450)
(349, 450)
(350, 450)
(351, 450)
(351, 449)
(352, 449)
(353, 449)
(354, 449)
(355, 449)
(355, 450)
(356, 450)
(357, 450)
(357, 451)
(358, 451)
(359, 451)
(360, 451)
(360, 452)
(361, 452)
(362, 452)
(363, 452)
(363, 453)
(364, 453)
(365, 453)
(366, 453)
(367, 453)
(368, 453)
(369, 453)
(370, 453)
(371, 453)
(372, 453)
(373, 453)
(374, 453)
(375, 453)
